NORMAL 0
FILE 0
EXEC 38;2;0;208;0;01
LINK 38;2;0;255;255;01
ORPHAN 48;2;102;0;0;38;2;0;255;255;01
FIFO 38;2;119;0;255;01
SOCK 38;2;119;0;255;01
BLK 38;2;119;0;255;01
CHR 38;2;119;0;255;01
STICKY 38;2;51;204;136;01
STICKY_OTHER_WRITABLE 48;2;199;118;121;38;2;19;124;40;01
DIR 38;2;82;134;253;01
.part 38;2;252;0;235;48;2;48;84;7
.PART 38;2;252;0;235;48;2;48;84;7
.Part 38;2;252;0;235;48;2;48;84;7
.tar 38;2;100;77;7
.TAR 38;2;100;77;7
.Tar 38;2;100;77;7
.tgz 38;2;100;77;7
.TGZ 38;2;100;77;7
.Tgz 38;2;100;77;7
.arj 38;2;100;77;7
.ARJ 38;2;100;77;7
.Arj 38;2;100;77;7
.taz 38;2;100;77;7
.TAZ 38;2;100;77;7
.Taz 38;2;100;77;7
.lzh 38;2;100;77;7
.LZH 38;2;100;77;7
.Lzh 38;2;100;77;7
.zip 38;2;100;77;7
.ZIP 38;2;100;77;7
.Zip 38;2;100;77;7
.rar 38;2;100;77;7
.RAR 38;2;100;77;7
.Rar 38;2;100;77;7
.7z 38;2;100;77;7
.7Z 38;2;100;77;7
.7Z 38;2;100;77;7
.z 38;2;100;77;7
.Z 38;2;100;77;7
.Z 38;2;100;77;7
.Z 38;2;100;77;7
.Z 38;2;100;77;7
.Z 38;2;100;77;7
.gz 38;2;100;77;7
.GZ 38;2;100;77;7
.Gz 38;2;100;77;7
.xz 38;2;100;77;7
.XZ 38;2;100;77;7
.Xz 38;2;100;77;7
.bz2 38;2;100;77;7
.BZ2 38;2;100;77;7
.Bz2 38;2;100;77;7
.deb 38;2;100;77;7
.DEB 38;2;100;77;7
.Deb 38;2;100;77;7
.rpm 38;2;100;77;7
.RPM 38;2;100;77;7
.Rpm 38;2;100;77;7
.png 38;2;160;232;18
.PNG 38;2;160;232;18
.Png 38;2;160;232;18
.bmp 38;2;160;232;18
.BMP 38;2;160;232;18
.Bmp 38;2;160;232;18
.ppm 38;2;160;232;18
.PPM 38;2;160;232;18
.Ppm 38;2;160;232;18
.tga 38;2;160;232;18
.TGA 38;2;160;232;18
.Tga 38;2;160;232;18
.xbm 38;2;160;232;18
.XBM 38;2;160;232;18
.Xbm 38;2;160;232;18
.xpm 38;2;160;232;18
.XPM 38;2;160;232;18
.Xpm 38;2;160;232;18
.tif 38;2;160;232;18
.TIF 38;2;160;232;18
.Tif 38;2;160;232;18
.gif 38;2;160;232;18
.GIF 38;2;160;232;18
.Gif 38;2;160;232;18
.jpg 38;2;160;232;18
.JPG 38;2;160;232;18
.Jpg 38;2;160;232;18
.jpeg 38;2;160;232;18
.JPEG 38;2;160;232;18
.Jpeg 38;2;160;232;18
.mp4 38;2;196;232;18
.MP4 38;2;196;232;18
.Mp4 38;2;196;232;18
.mpg 38;2;196;232;18
.MPG 38;2;196;232;18
.Mpg 38;2;196;232;18
.3gp 38;2;196;232;18
.3GP 38;2;196;232;18
.3Gp 38;2;196;232;18
.mkv 38;2;196;232;18
.MKV 38;2;196;232;18
.Mkv 38;2;196;232;18
.webm 38;2;196;232;18
.WEBM 38;2;196;232;18
.Webm 38;2;196;232;18
.m4v 38;2;196;232;18
.M4V 38;2;196;232;18
.M4v 38;2;196;232;18
.avi 38;2;196;232;18
.AVI 38;2;196;232;18
.Avi 38;2;196;232;18
.ogv 38;2;196;232;18
.OGV 38;2;196;232;18
.Ogv 38;2;196;232;18
.ts 38;2;196;232;18
.TS 38;2;196;232;18
.Ts 38;2;196;232;18
.flac 38;2;216;111;98
.FLAC 38;2;216;111;98
.Flac 38;2;216;111;98
.wav 38;2;216;111;98
.WAV 38;2;216;111;98
.Wav 38;2;216;111;98
.mp3 38;2;216;111;98
.MP3 38;2;216;111;98
.Mp3 38;2;216;111;98
.ogg 38;2;216;111;98
.OGG 38;2;216;111;98
.Ogg 38;2;216;111;98
.oga 38;2;216;111;98
.OGA 38;2;216;111;98
.Oga 38;2;216;111;98
.epub 38;2;237;244;12
.EPUB 38;2;237;244;12
.Epub 38;2;237;244;12
.mobi 38;2;237;244;12
.MOBI 38;2;237;244;12
.Mobi 38;2;237;244;12
.pdf 38;2;237;244;12
.PDF 38;2;237;244;12
.Pdf 38;2;237;244;12
.odt 38;2;16;211;211
.ODT 38;2;16;211;211
.Odt 38;2;16;211;211
.odp 38;2;16;211;211
.ODP 38;2;16;211;211
.Odp 38;2;16;211;211
.ods 38;2;16;211;211
.ODS 38;2;16;211;211
.Ods 38;2;16;211;211
.doc 38;2;16;211;211
.DOC 38;2;16;211;211
.Doc 38;2;16;211;211
.docx 38;2;16;211;211
.DOCX 38;2;16;211;211
.Docx 38;2;16;211;211
.ppt 38;2;16;211;211
.PPT 38;2;16;211;211
.Ppt 38;2;16;211;211
.pptx 38;2;16;211;211
.PPTX 38;2;16;211;211
.Pptx 38;2;16;211;211
.xls 38;2;16;211;211
.XLS 38;2;16;211;211
.Xls 38;2;16;211;211
.xlsx 38;2;16;211;211
.XLSX 38;2;16;211;211
.Xlsx 38;2;16;211;211
*readme 38;2;35;125;61
*README 38;2;35;125;61
*Readme 38;2;35;125;61
*README.md 38;2;35;125;61
*README.MD 38;2;35;125;61
*Readme.md 38;2;35;125;61
*README.rst 38;2;35;125;61
*README.RST 38;2;35;125;61
*Readme.rst 38;2;35;125;61
*README.markdown 38;2;35;125;61
*README.MARKDOWN 38;2;35;125;61
*Readme.markdown 38;2;35;125;61
*install 38;2;35;125;61
*INSTALL 38;2;35;125;61
*Install 38;2;35;125;61
*hacking 38;2;35;125;61
*HACKING 38;2;35;125;61
*Hacking 38;2;35;125;61
*copying 38;2;35;125;61
*COPYING 38;2;35;125;61
*Copying 38;2;35;125;61
*credits 38;2;35;125;61
*CREDITS 38;2;35;125;61
*Credits 38;2;35;125;61
*license 38;2;35;125;61
*LICENSE 38;2;35;125;61
*License 38;2;35;125;61
*licence 38;2;35;125;61
*LICENCE 38;2;35;125;61
*Licence 38;2;35;125;61
*authors 38;2;35;125;61
*AUTHORS 38;2;35;125;61
*Authors 38;2;35;125;61
*news 38;2;35;125;61
*NEWS 38;2;35;125;61
*News 38;2;35;125;61
*todo 38;2;35;125;61
*TODO 38;2;35;125;61
*Todo 38;2;35;125;61
*configure 38;2;11;148;221
*CONFIGURE 38;2;11;148;221
*Configure 38;2;11;148;221
*autogen.sh 38;2;11;148;221
*AUTOGEN.SH 38;2;11;148;221
*Autogen.sh 38;2;11;148;221
*makefile 38;2;11;148;221
*MAKEFILE 38;2;11;148;221
*Makefile 38;2;11;148;221
*mk 38;2;11;148;221
*MK 38;2;11;148;221
*Mk 38;2;11;148;221
.ant 38;2;11;148;221
.ANT 38;2;11;148;221
.Ant 38;2;11;148;221
.c 38;2;221;11;134
.C 38;2;221;11;134
.C 38;2;221;11;134
.cpp 38;2;221;11;134
.CPP 38;2;221;11;134
.Cpp 38;2;221;11;134
.cxx 38;2;221;11;134
.CXX 38;2;221;11;134
.Cxx 38;2;221;11;134
.py 38;2;221;11;134
.PY 38;2;221;11;134
.Py 38;2;221;11;134
.sh 38;2;221;11;134
.SH 38;2;221;11;134
.Sh 38;2;221;11;134
.zsh 38;2;221;11;134
.ZSH 38;2;221;11;134
.Zsh 38;2;221;11;134
.bash 38;2;221;11;134
.BASH 38;2;221;11;134
.Bash 38;2;221;11;134
.csh 38;2;221;11;134
.CSH 38;2;221;11;134
.Csh 38;2;221;11;134
.pl 38;2;221;11;134
.PL 38;2;221;11;134
.Pl 38;2;221;11;134
.el 38;2;221;11;134
.EL 38;2;221;11;134
.El 38;2;221;11;134
.vim 38;2;221;11;134
.VIM 38;2;221;11;134
.Vim 38;2;221;11;134
.hs 38;2;221;11;134
.HS 38;2;221;11;134
.Hs 38;2;221;11;134
.rb 38;2;221;11;134
.RB 38;2;221;11;134
.Rb 38;2;221;11;134
.lisp 38;2;221;11;134
.LISP 38;2;221;11;134
.Lisp 38;2;221;11;134
.lua 38;2;221;11;134
.LUA 38;2;221;11;134
.Lua 38;2;221;11;134
.rkt 38;2;221;11;134
.RKT 38;2;221;11;134
.Rkt 38;2;221;11;134
.js 38;2;221;11;134
.JS 38;2;221;11;134
.Js 38;2;221;11;134
.mjs 38;2;221;11;134
.MJS 38;2;221;11;134
.Mjs 38;2;221;11;134
.h 38;2;11;221;134
.H 38;2;11;221;134
.H 38;2;11;221;134
.hpp 38;2;11;221;134
.HPP 38;2;11;221;134
.Hpp 38;2;11;221;134
.hxx 38;2;11;221;134
.HXX 38;2;11;221;134
.Hxx 38;2;11;221;134
.html 38;2;221;21;11
.HTML 38;2;221;21;11
.Html 38;2;221;21;11
.htm 38;2;221;21;11
.HTM 38;2;221;21;11
.Htm 38;2;221;21;11
.php 38;2;221;21;11
.PHP 38;2;221;21;11
.Php 38;2;221;21;11
.txt 38;2;239;74;33
.TXT 38;2;239;74;33
.Txt 38;2;239;74;33
.org 38;2;239;74;33
.ORG 38;2;239;74;33
.Org 38;2;239;74;33
.scrbl 38;2;239;74;33
.SCRBL 38;2;239;74;33
.Scrbl 38;2;239;74;33
.md 38;2;239;74;33
.MD 38;2;239;74;33
.Md 38;2;239;74;33
.textile 38;2;239;74;33
.TEXTILE 38;2;239;74;33
.Textile 38;2;239;74;33
.rst 38;2;239;74;33
.RST 38;2;239;74;33
.Rst 38;2;239;74;33
.rdoc 38;2;239;74;33
.RDOC 38;2;239;74;33
.Rdoc 38;2;239;74;33
.asciidoc 38;2;239;74;33
.ASCIIDOC 38;2;239;74;33
.Asciidoc 38;2;239;74;33
.adoc 38;2;239;74;33
.ADOC 38;2;239;74;33
.Adoc 38;2;239;74;33
.creole 38;2;239;74;33
.CREOLE 38;2;239;74;33
.Creole 38;2;239;74;33
.pod 38;2;239;74;33
.POD 38;2;239;74;33
.Pod 38;2;239;74;33
*rc 38;2;234;28;86
*RC 38;2;234;28;86
*Rc 38;2;234;28;86
.xml 38;2;234;28;86
.XML 38;2;234;28;86
.Xml 38;2;234;28;86
.conf 38;2;234;28;86
.CONF 38;2;234;28;86
.Conf 38;2;234;28;86
.ini 38;2;234;28;86
.INI 38;2;234;28;86
.Ini 38;2;234;28;86
.json 38;2;234;28;86
.JSON 38;2;234;28;86
.Json 38;2;234;28;86
.csv 38;2;234;28;86
.CSV 38;2;234;28;86
.Csv 38;2;234;28;86
.tsv 38;2;234;28;86
.TSV 38;2;234;28;86
.Tsv 38;2;234;28;86
.o 38;2;26;56;30
.O 38;2;26;56;30
.O 38;2;26;56;30
.pyc 38;2;26;56;30
.PYC 38;2;26;56;30
.Pyc 38;2;26;56;30
.elc 38;2;26;56;30
.ELC 38;2;26;56;30
.Elc 38;2;26;56;30
.hi 38;2;26;56;30
.HI 38;2;26;56;30
.Hi 38;2;26;56;30
.zo 38;2;26;56;30
.ZO 38;2;26;56;30
.Zo 38;2;26;56;30
