NORMAL 0
FILE 0
EXEC 38;2;0;144;0;01
LINK 38;2;0;111;111;01
ORPHAN 48;2;255;136;136;38;2;0;111;111;01
FIFO 38;2;119;0;255;01
SOCK 38;2;119;0;255;01
BLK 38;2;119;0;255;01
CHR 38;2;119;0;255;01
STICKY 38;2;51;204;136;01
STICKY_OTHER_WRITABLE 48;2;199;118;121;38;2;19;124;40;01
DIR 38;2;34;70;173;01
.part 38;2;252;0;235;48;2;48;84;7
.PART 38;2;252;0;235;48;2;48;84;7
.Part 38;2;252;0;235;48;2;48;84;7
.tar 38;2;68;45;7
.TAR 38;2;68;45;7
.Tar 38;2;68;45;7
.tgz 38;2;68;45;7
.TGZ 38;2;68;45;7
.Tgz 38;2;68;45;7
.arj 38;2;68;45;7
.ARJ 38;2;68;45;7
.Arj 38;2;68;45;7
.taz 38;2;68;45;7
.TAZ 38;2;68;45;7
.Taz 38;2;68;45;7
.lzh 38;2;68;45;7
.LZH 38;2;68;45;7
.Lzh 38;2;68;45;7
.zip 38;2;68;45;7
.ZIP 38;2;68;45;7
.Zip 38;2;68;45;7
.rar 38;2;68;45;7
.RAR 38;2;68;45;7
.Rar 38;2;68;45;7
.7z 38;2;68;45;7
.7Z 38;2;68;45;7
.7Z 38;2;68;45;7
.z 38;2;68;45;7
.Z 38;2;68;45;7
.Z 38;2;68;45;7
.Z 38;2;68;45;7
.Z 38;2;68;45;7
.Z 38;2;68;45;7
.gz 38;2;68;45;7
.GZ 38;2;68;45;7
.Gz 38;2;68;45;7
.xz 38;2;68;45;7
.XZ 38;2;68;45;7
.Xz 38;2;68;45;7
.bz2 38;2;68;45;7
.BZ2 38;2;68;45;7
.Bz2 38;2;68;45;7
.deb 38;2;68;45;7
.DEB 38;2;68;45;7
.Deb 38;2;68;45;7
.rpm 38;2;68;45;7
.RPM 38;2;68;45;7
.Rpm 38;2;68;45;7
.png 38;2;48;72;2
.PNG 38;2;48;72;2
.Png 38;2;48;72;2
.bmp 38;2;48;72;2
.BMP 38;2;48;72;2
.Bmp 38;2;48;72;2
.ppm 38;2;48;72;2
.PPM 38;2;48;72;2
.Ppm 38;2;48;72;2
.tga 38;2;48;72;2
.TGA 38;2;48;72;2
.Tga 38;2;48;72;2
.xbm 38;2;48;72;2
.XBM 38;2;48;72;2
.Xbm 38;2;48;72;2
.xpm 38;2;48;72;2
.XPM 38;2;48;72;2
.Xpm 38;2;48;72;2
.tif 38;2;48;72;2
.TIF 38;2;48;72;2
.Tif 38;2;48;72;2
.jpg 38;2;48;72;2
.JPG 38;2;48;72;2
.Jpg 38;2;48;72;2
.jpeg 38;2;48;72;2
.JPEG 38;2;48;72;2
.Jpeg 38;2;48;72;2
.mp4 38;2;40;80;6
.MP4 38;2;40;80;6
.Mp4 38;2;40;80;6
.mpg 38;2;40;80;6
.MPG 38;2;40;80;6
.Mpg 38;2;40;80;6
.3gp 38;2;40;80;6
.3GP 38;2;40;80;6
.3Gp 38;2;40;80;6
.mkv 38;2;40;80;6
.MKV 38;2;40;80;6
.Mkv 38;2;40;80;6
.webm 38;2;40;80;6
.WEBM 38;2;40;80;6
.Webm 38;2;40;80;6
.m4v 38;2;40;80;6
.M4V 38;2;40;80;6
.M4v 38;2;40;80;6
.avi 38;2;40;80;6
.AVI 38;2;40;80;6
.Avi 38;2;40;80;6
.ogv 38;2;40;80;6
.OGV 38;2;40;80;6
.Ogv 38;2;40;80;6
.ts 38;2;40;80;6
.TS 38;2;40;80;6
.Ts 38;2;40;80;6
.flac 38;2;232;47;18
.FLAC 38;2;232;47;18
.Flac 38;2;232;47;18
.wav 38;2;232;47;18
.WAV 38;2;232;47;18
.Wav 38;2;232;47;18
.mp3 38;2;232;47;18
.MP3 38;2;232;47;18
.Mp3 38;2;232;47;18
.ogg 38;2;232;47;18
.OGG 38;2;232;47;18
.Ogg 38;2;232;47;18
.oga 38;2;232;47;18
.OGA 38;2;232;47;18
.Oga 38;2;232;47;18
.epub 38;2;88;59;3
.EPUB 38;2;88;59;3
.Epub 38;2;88;59;3
.mobi 38;2;88;59;3
.MOBI 38;2;88;59;3
.Mobi 38;2;88;59;3
.pdf 38;2;88;59;3
.PDF 38;2;88;59;3
.Pdf 38;2;88;59;3
.odt 38;2;3;61;61
.ODT 38;2;3;61;61
.Odt 38;2;3;61;61
.odp 38;2;3;61;61
.ODP 38;2;3;61;61
.Odp 38;2;3;61;61
.ods 38;2;3;61;61
.ODS 38;2;3;61;61
.Ods 38;2;3;61;61
.doc 38;2;3;61;61
.DOC 38;2;3;61;61
.Doc 38;2;3;61;61
.docx 38;2;3;61;61
.DOCX 38;2;3;61;61
.Docx 38;2;3;61;61
.ppt 38;2;3;61;61
.PPT 38;2;3;61;61
.Ppt 38;2;3;61;61
.pptx 38;2;3;61;61
.PPTX 38;2;3;61;61
.Pptx 38;2;3;61;61
.xls 38;2;3;61;61
.XLS 38;2;3;61;61
.Xls 38;2;3;61;61
.xlsx 38;2;3;61;61
.XLSX 38;2;3;61;61
.Xlsx 38;2;3;61;61
*readme 38;2;3;93;61
*README 38;2;3;93;61
*Readme 38;2;3;93;61
*README.md 38;2;3;93;61
*README.MD 38;2;3;93;61
*Readme.md 38;2;3;93;61
*README.rst 38;2;3;93;61
*README.RST 38;2;3;93;61
*Readme.rst 38;2;3;93;61
*README.markdown 38;2;3;93;61
*README.MARKDOWN 38;2;3;93;61
*Readme.markdown 38;2;3;93;61
*install 38;2;3;93;61
*INSTALL 38;2;3;93;61
*Install 38;2;3;93;61
*hacking 38;2;3;93;61
*HACKING 38;2;3;93;61
*Hacking 38;2;3;93;61
*copying 38;2;3;93;61
*COPYING 38;2;3;93;61
*Copying 38;2;3;93;61
*credits 38;2;3;93;61
*CREDITS 38;2;3;93;61
*Credits 38;2;3;93;61
*license 38;2;3;93;61
*LICENSE 38;2;3;93;61
*License 38;2;3;93;61
*licence 38;2;3;93;61
*LICENCE 38;2;3;93;61
*Licence 38;2;3;93;61
*authors 38;2;3;93;61
*AUTHORS 38;2;3;93;61
*Authors 38;2;3;93;61
*news 38;2;3;93;61
*NEWS 38;2;3;93;61
*News 38;2;3;93;61
*todo 38;2;3;93;61
*TODO 38;2;3;93;61
*Todo 38;2;3;93;61
*configure 38;2;3;41;61
*CONFIGURE 38;2;3;41;61
*Configure 38;2;3;41;61
*autogen.sh 38;2;3;41;61
*AUTOGEN.SH 38;2;3;41;61
*Autogen.sh 38;2;3;41;61
*makefile 38;2;3;41;61
*MAKEFILE 38;2;3;41;61
*Makefile 38;2;3;41;61
*mk 38;2;3;41;61
*MK 38;2;3;41;61
*Mk 38;2;3;41;61
.ant 38;2;3;41;61
.ANT 38;2;3;41;61
.Ant 38;2;3;41;61
.c 38;2;140;11;109
.C 38;2;140;11;109
.C 38;2;140;11;109
.cpp 38;2;140;11;109
.CPP 38;2;140;11;109
.Cpp 38;2;140;11;109
.cxx 38;2;140;11;109
.CXX 38;2;140;11;109
.Cxx 38;2;140;11;109
.py 38;2;140;11;109
.PY 38;2;140;11;109
.Py 38;2;140;11;109
.sh 38;2;140;11;109
.SH 38;2;140;11;109
.Sh 38;2;140;11;109
.zsh 38;2;140;11;109
.ZSH 38;2;140;11;109
.Zsh 38;2;140;11;109
.bash 38;2;140;11;109
.BASH 38;2;140;11;109
.Bash 38;2;140;11;109
.csh 38;2;140;11;109
.CSH 38;2;140;11;109
.Csh 38;2;140;11;109
.pl 38;2;140;11;109
.PL 38;2;140;11;109
.Pl 38;2;140;11;109
.el 38;2;140;11;109
.EL 38;2;140;11;109
.El 38;2;140;11;109
.vim 38;2;140;11;109
.VIM 38;2;140;11;109
.Vim 38;2;140;11;109
.hs 38;2;140;11;109
.HS 38;2;140;11;109
.Hs 38;2;140;11;109
.rb 38;2;140;11;109
.RB 38;2;140;11;109
.Rb 38;2;140;11;109
.lisp 38;2;140;11;109
.LISP 38;2;140;11;109
.Lisp 38;2;140;11;109
.lua 38;2;140;11;109
.LUA 38;2;140;11;109
.Lua 38;2;140;11;109
.rkt 38;2;140;11;109
.RKT 38;2;140;11;109
.Rkt 38;2;140;11;109
.js 38;2;140;11;109
.JS 38;2;140;11;109
.Js 38;2;140;11;109
.mjs 38;2;140;11;109
.MJS 38;2;140;11;109
.Mjs 38;2;140;11;109
.h 38;2;11;140;109
.H 38;2;11;140;109
.H 38;2;11;140;109
.hpp 38;2;11;140;109
.HPP 38;2;11;140;109
.Hpp 38;2;11;140;109
.hxx 38;2;11;140;109
.HXX 38;2;11;140;109
.Hxx 38;2;11;140;109
.html 38;2;93;21;11
.HTML 38;2;93;21;11
.Html 38;2;93;21;11
.htm 38;2;93;21;11
.HTM 38;2;93;21;11
.Htm 38;2;93;21;11
.php 38;2;93;21;11
.PHP 38;2;93;21;11
.Php 38;2;93;21;11
.txt 38;2;127;42;17
.TXT 38;2;127;42;17
.Txt 38;2;127;42;17
.org 38;2;127;42;17
.ORG 38;2;127;42;17
.Org 38;2;127;42;17
.scrbl 38;2;127;42;17
.SCRBL 38;2;127;42;17
.Scrbl 38;2;127;42;17
.md 38;2;127;42;17
.MD 38;2;127;42;17
.Md 38;2;127;42;17
.textile 38;2;127;42;17
.TEXTILE 38;2;127;42;17
.Textile 38;2;127;42;17
.rst 38;2;127;42;17
.RST 38;2;127;42;17
.Rst 38;2;127;42;17
.rdoc 38;2;127;42;17
.RDOC 38;2;127;42;17
.Rdoc 38;2;127;42;17
.asciidoc 38;2;127;42;17
.ASCIIDOC 38;2;127;42;17
.Asciidoc 38;2;127;42;17
.adoc 38;2;127;42;17
.ADOC 38;2;127;42;17
.Adoc 38;2;127;42;17
.creole 38;2;127;42;17
.CREOLE 38;2;127;42;17
.Creole 38;2;127;42;17
.pod 38;2;127;42;17
.POD 38;2;127;42;17
.Pod 38;2;127;42;17
*rc 38;2;79;11;30
*RC 38;2;79;11;30
*Rc 38;2;79;11;30
.xml 38;2;79;11;30
.XML 38;2;79;11;30
.Xml 38;2;79;11;30
.conf 38;2;79;11;30
.CONF 38;2;79;11;30
.Conf 38;2;79;11;30
.ini 38;2;79;11;30
.INI 38;2;79;11;30
.Ini 38;2;79;11;30
.json 38;2;79;11;30
.JSON 38;2;79;11;30
.Json 38;2;79;11;30
.csv 38;2;79;11;30
.CSV 38;2;79;11;30
.Csv 38;2;79;11;30
.tsv 38;2;79;11;30
.TSV 38;2;79;11;30
.Tsv 38;2;79;11;30
.o 38;2;103;224;119
.O 38;2;103;224;119
.O 38;2;103;224;119
.pyc 38;2;103;224;119
.PYC 38;2;103;224;119
.Pyc 38;2;103;224;119
.elc 38;2;103;224;119
.ELC 38;2;103;224;119
.Elc 38;2;103;224;119
.hi 38;2;103;224;119
.HI 38;2;103;224;119
.Hi 38;2;103;224;119
.zo 38;2;103;224;119
.ZO 38;2;103;224;119
.Zo 38;2;103;224;119
